       mdl_MB              =4.180000e+00        
       mdl_MT              =1.727600e+02        
       mdl_MZ              =9.118760e+01        
       mdl_MH              =1.250900e+02        
       mdl_ctGRe           =1.000000e-11        
       mdl_ctWRe           =3.000000e-11        
       mdl_ctBRe           =5.000000e-11        
       mdl_cHt             =9.000000e-11        
       mdl_cHtbRe          =7.000000e-11        
       mdl_cQj11           =1.700000e-11        
       mdl_cQj18           =1.500000e-11        
       mdl_cQj31           =1.800000e-11        
       mdl_cQj38           =1.600000e-11        
       mdl_cQQ8            =1.000000e-10        
       mdl_ctu1            =2.600000e-11        
       mdl_ctu8            =2.100000e-11        
       mdl_ctd1            =2.700000e-11        
       mdl_ctd8            =2.200000e-11        
       mdl_cQu1            =2.800000e-11        
       mdl_cQu8            =2.400000e-11        
       mdl_cQt1            =1.000000e-10        
       mdl_cQd1            =2.900000e-11        
       mdl_cQd8            =2.500000e-11        
       mdl_ctGIm           =2.000000e-11        
       mdl_ctWIm           =4.000000e-11        
       mdl_ctBIm           =6.000000e-11        
       mdl_cHtbIm          =8.000000e-11        
       mdl_LambdaSMEFT     =1.000000e+03        
       mdl_MW              =8.038700e+01        
       mdl_Gf              =1.166379e-05        
       aS                  =1.179000e-01        
       mdl_ymb             =4.180000e+00        
       mdl_ymt             =1.727600e+02        
       mdl_WT              =1.485332e+00        
       mdl_WZ              =2.495200e+00        
       mdl_WW              =2.045613e+00        
       mdl_WH              =4.070000e-03        
       mdl_MB=   4.1799999999999997     
       mdl_MT=   172.75999999999999     
       mdl_MZ=   91.187600000000003     
       mdl_MH=   125.09000000000000     
       mdl_ctGRe=   9.9999999999999994E-012
       mdl_ctWRe=   3.0000000000000000E-011
       mdl_ctBRe=   5.0000000000000002E-011
       mdl_cHt=   8.9999999999999999E-011
       mdl_cHtbRe=   7.0000000000000004E-011
       mdl_cQj11=   1.6999999999999999E-011
       mdl_cQj18=   1.5000000000000000E-011
       mdl_cQj31=   1.7999999999999999E-011
       mdl_cQj38=   1.6000000000000000E-011
       mdl_cQQ8=   1.0000000000000000E-010
       mdl_ctu1=   2.6000000000000001E-011
       mdl_ctu8=   2.0999999999999999E-011
       mdl_ctd1=   2.7000000000000000E-011
       mdl_ctd8=   2.2000000000000002E-011
       mdl_cQu1=   2.8000000000000000E-011
       mdl_cQu8=   2.4000000000000001E-011
       mdl_cQt1=   1.0000000000000000E-010
       mdl_cQd1=   2.9000000000000000E-011
       mdl_cQd8=   2.5000000000000001E-011
       mdl_ctGIm=   1.9999999999999999E-011
       mdl_ctWIm=   3.9999999999999998E-011
       mdl_ctBIm=   6.0000000000000000E-011
       mdl_cHtbIm=   7.9999999999999995E-011
       mdl_LambdaSMEFT=   1000.0000000000000     
       mdl_MW=   80.387000000000000     
       mdl_Gf=   1.1663789999999999E-005
       aS=  0.11790000000000000     
       mdl_ymb=   4.1799999999999997     
       mdl_ymt=   172.75999999999999     
       mdl_WT=   1.4853320000000001     
       mdl_WZ=   2.4952000000000001     
       mdl_WW=   2.0456129999999999     
       mdl_WH=   4.0699999999999998E-003
